129, ID 0, 1159, 442;
130, ID 0, 1156, 464;
131, ID 0, 1144, 481;
132, ID 0, 1147, 503;
133, ID 0, 1136, 525;
134, ID 0, 1119, 538;
135, ID 0, 1112, 555;
136, ID 0, 1103, 572;
137, ID 0, 1094, 583;
138, ID 0, 1094, 583;
139, ID 0, 1226, 627;
140, ID 0, 1230, 625;
141, ID 0, 1228, 618;
142, ID 0, 1213, 601;
143, ID 0, 1212, 592;
144, ID 0, 1207, 578;
145, ID 0, 1203, 563;
146, ID 0, 1190, 545;
147, ID 0, 1184, 530;
148, ID 0, 1172, 514;
149, ID 0, 1163, 500;
150, ID 0, 1164, 486;
151, ID 0, 1149, 472;
152, ID 0, 1139, 456;
153, ID 0, 1132, 444;
154, ID 0, 1121, 426;
155, ID 0, 1115, 420;
156, ID 0, 1110, 400;
157, ID 0, 1218, 379;
158, ID 0, 1220, 374;
159, ID 0, 1215, 371;
160, ID 0, 1220, 367;
161, ID 0, 1218, 362;
162, ID 0, 1216, 352;
163, ID 0, 1214, 347;
164, ID 0, 1211, 341;
165, ID 0, 1204, 333;
166, ID 0, 1208, 330;
167, ID 0, 1200, 325;
168, ID 0, 1200, 318;
169, ID 0, 1190, 305;
170, ID 0, 1185, 300;
171, ID 0, 1182, 294;
172, ID 0, 1177, 289;
173, ID 0, 1174, 279;
174, ID 0, 1168, 271;
175, ID 0, 1165, 266;
176, ID 0, 1157, 261;
177, ID 0, 1155, 255;
178, ID 0, 1156, 257;
179, ID 0, 1140, 249;
180, ID 0, 1137, 238;
181, ID 0, 1126, 237;
182, ID 0, 1121, 229;
183, ID 0, 1118, 227;
184, ID 0, 1103, 215;
185, ID 0, 1109, 217;
186, ID 0, 1103, 210;
187, ID 0, 1096, 207;
188, ID 0, 1096, 207;
189, ID 0, 1096, 207;
190, ID 0, 1096, 207;
191, ID 0, 1054, 178;
192, ID 0, 1051, 168;
193, ID 0, 1039, 168;
194, ID 0, 1039, 168;
195, ID 0, 1039, 168;
196, ID 0, 1010, 167;
197, ID 0, 1005, 164;
198, ID 0, 996, 159;
199, ID 0, 988, 157;
200, ID 0, 982, 152;
201, ID 0, 970, 144;
202, ID 0, 956, 139;
203, ID 0, 949, 139;
204, ID 0, 937, 137;
205, ID 0, 923, 134;
206, ID 0, 912, 133;
207, ID 0, 908, 132;
208, ID 0, 903, 135;
209, ID 0, 850, 140;
210, ID 0, 850, 140;
211, ID 0, 652, 302;
212, ID 0, 590, 348;
213, ID 0, 543, 373;
214, ID 0, 547, 353;
215, ID 0, 550, 329;
216, ID 0, 555, 308;
217, ID 0, 562, 288;
218, ID 0, 562, 268;
219, ID 0, 565, 248;
220, ID 0, 567, 226;
221, ID 0, 576, 209;
222, ID 0, 585, 188;
223, ID 0, 586, 168;
224, ID 0, 596, 149;
225, ID 0, 595, 135;
226, ID 0, 604, 118;
227, ID 0, 608, 106;
228, ID 0, 608, 106;
229, ID 0, 623, 63;
230, ID 0, 635, 52;
231, ID 0, 645, 40;
232, ID 0, 656, 34;
233, ID 0, 659, 43;
234, ID 0, 656, 42;
235, ID 0, 673, 53;
236, ID 0, 673, 53;
237, ID 0, 701, 59;
238, ID 0, 707, 63;
239, ID 0, 710, 65;
240, ID 0, 726, 81;
241, ID 0, 846, 49;
242, ID 0, 845, 31;
243, ID 0, 833, 55;
244, ID 0, 823, 78;
245, ID 0, 808, 98;
246, ID 0, 791, 121;
247, ID 0, 779, 143;
248, ID 0, 766, 162;
249, ID 0, 751, 185;
250, ID 0, 736, 204;
251, ID 0, 727, 221;
252, ID 0, 713, 237;
253, ID 0, 713, 237;
254, ID 0, 713, 237;
255, ID 0, 864, 327;
256, ID 0, 861, 360;
257, ID 0, 855, 408;
258, ID 0, 845, 449;
259, ID 0, 829, 489;
